IMPROPER 7783 7794 7786 7788 $FC -120.0
DIHEDRAL 7818 7821 7823 7825 $FC  0.0
IMPROPER 7917 7928 7920 7922 $FC -120.0
DIHEDRAL 7952 7955 7957 7959 $FC  0.0
IMPROPER 8051 8062 8054 8056 $FC -120.0
DIHEDRAL 8086 8089 8091 8093 $FC  0.0
IMPROPER 8185 8196 8188 8190 $FC -120.0
DIHEDRAL 8220 8223 8225 8227 $FC  0.0
IMPROPER 8319 8330 8322 8324 $FC -120.0
DIHEDRAL 8354 8357 8359 8361 $FC  0.0
IMPROPER 8453 8464 8456 8458 $FC -120.0
DIHEDRAL 8488 8491 8493 8495 $FC  0.0
IMPROPER 8587 8598 8590 8592 $FC -120.0
DIHEDRAL 8622 8625 8627 8629 $FC  0.0
IMPROPER 8721 8732 8724 8726 $FC -120.0
DIHEDRAL 8756 8759 8761 8763 $FC  0.0
IMPROPER 8855 8866 8858 8860 $FC -120.0
DIHEDRAL 8890 8893 8895 8897 $FC  0.0
IMPROPER 8989 9000 8992 8994 $FC -120.0
DIHEDRAL 9024 9027 9029 9031 $FC  0.0
IMPROPER 9123 9134 9126 9128 $FC -120.0
DIHEDRAL 9158 9161 9163 9165 $FC  0.0
IMPROPER 9257 9268 9260 9262 $FC -120.0
DIHEDRAL 9292 9295 9297 9299 $FC  0.0
IMPROPER 9391 9402 9394 9396 $FC -120.0
DIHEDRAL 9426 9429 9431 9433 $FC  0.0
IMPROPER 9525 9536 9528 9530 $FC -120.0
DIHEDRAL 9560 9563 9565 9567 $FC  0.0
IMPROPER 9659 9670 9662 9664 $FC -120.0
DIHEDRAL 9694 9697 9699 9701 $FC  0.0
IMPROPER 9793 9804 9796 9798 $FC -120.0
DIHEDRAL 9828 9831 9833 9835 $FC  0.0
IMPROPER 9927 9938 9930 9932 $FC -120.0
DIHEDRAL 9962 9965 9967 9969 $FC  0.0
IMPROPER 10061 10072 10064 10066 $FC -120.0
DIHEDRAL 10096 10099 10101 10103 $FC  0.0
IMPROPER 10195 10206 10198 10200 $FC -120.0
DIHEDRAL 10230 10233 10235 10237 $FC  0.0
IMPROPER 10329 10340 10332 10334 $FC -120.0
DIHEDRAL 10364 10367 10369 10371 $FC  0.0
IMPROPER 10463 10474 10466 10468 $FC -120.0
DIHEDRAL 10498 10501 10503 10505 $FC  0.0
IMPROPER 10597 10608 10600 10602 $FC -120.0
DIHEDRAL 10632 10635 10637 10639 $FC  0.0
IMPROPER 10731 10742 10734 10736 $FC -120.0
DIHEDRAL 10766 10769 10771 10773 $FC  0.0
IMPROPER 10865 10876 10868 10870 $FC -120.0
DIHEDRAL 10900 10903 10905 10907 $FC  0.0
IMPROPER 10999 11010 11002 11004 $FC -120.0
DIHEDRAL 11034 11037 11039 11041 $FC  0.0
IMPROPER 11133 11144 11136 11138 $FC -120.0
DIHEDRAL 11168 11171 11173 11175 $FC  0.0
IMPROPER 11267 11278 11270 11272 $FC -120.0
DIHEDRAL 11302 11305 11307 11309 $FC  0.0
IMPROPER 11401 11412 11404 11406 $FC -120.0
DIHEDRAL 11436 11439 11441 11443 $FC  0.0
IMPROPER 11535 11546 11538 11540 $FC -120.0
DIHEDRAL 11570 11573 11575 11577 $FC  0.0
IMPROPER 11669 11680 11672 11674 $FC -120.0
DIHEDRAL 11704 11707 11709 11711 $FC  0.0
IMPROPER 11803 11814 11806 11808 $FC -120.0
DIHEDRAL 11838 11841 11843 11845 $FC  0.0
IMPROPER 11937 11948 11940 11942 $FC -120.0
DIHEDRAL 11972 11975 11977 11979 $FC  0.0
IMPROPER 12071 12082 12074 12076 $FC -120.0
DIHEDRAL 12106 12109 12111 12113 $FC  0.0
IMPROPER 12205 12216 12208 12210 $FC -120.0
DIHEDRAL 12240 12243 12245 12247 $FC  0.0
IMPROPER 12339 12350 12342 12344 $FC -120.0
DIHEDRAL 12374 12377 12379 12381 $FC  0.0
IMPROPER 12473 12484 12476 12478 $FC -120.0
DIHEDRAL 12508 12511 12513 12515 $FC  0.0
IMPROPER 12607 12618 12610 12612 $FC -120.0
DIHEDRAL 12642 12645 12647 12649 $FC  0.0
IMPROPER 12741 12752 12744 12746 $FC -120.0
DIHEDRAL 12776 12779 12781 12783 $FC  0.0
IMPROPER 12875 12886 12878 12880 $FC -120.0
DIHEDRAL 12910 12913 12915 12917 $FC  0.0
IMPROPER 13009 13020 13012 13014 $FC -120.0
DIHEDRAL 13044 13047 13049 13051 $FC  0.0
IMPROPER 13143 13154 13146 13148 $FC -120.0
DIHEDRAL 13178 13181 13183 13185 $FC  0.0
IMPROPER 13277 13288 13280 13282 $FC -120.0
DIHEDRAL 13312 13315 13317 13319 $FC  0.0
IMPROPER 13411 13422 13414 13416 $FC -120.0
DIHEDRAL 13446 13449 13451 13453 $FC  0.0
IMPROPER 13545 13556 13548 13550 $FC -120.0
DIHEDRAL 13580 13583 13585 13587 $FC  0.0
IMPROPER 13679 13690 13682 13684 $FC -120.0
DIHEDRAL 13714 13717 13719 13721 $FC  0.0
IMPROPER 13813 13824 13816 13818 $FC -120.0
DIHEDRAL 13848 13851 13853 13855 $FC  0.0
IMPROPER 13947 13958 13950 13952 $FC -120.0
DIHEDRAL 13982 13985 13987 13989 $FC  0.0
IMPROPER 14081 14092 14084 14086 $FC -120.0
DIHEDRAL 14116 14119 14121 14123 $FC  0.0
IMPROPER 14215 14226 14218 14220 $FC -120.0
DIHEDRAL 14250 14253 14255 14257 $FC  0.0
IMPROPER 14349 14360 14352 14354 $FC -120.0
DIHEDRAL 14384 14387 14389 14391 $FC  0.0
IMPROPER 14483 14494 14486 14488 $FC -120.0
DIHEDRAL 14518 14521 14523 14525 $FC  0.0
IMPROPER 14617 14628 14620 14622 $FC -120.0
DIHEDRAL 14652 14655 14657 14659 $FC  0.0
IMPROPER 14751 14762 14754 14756 $FC -120.0
DIHEDRAL 14786 14789 14791 14793 $FC  0.0
IMPROPER 14885 14896 14888 14890 $FC -120.0
DIHEDRAL 14920 14923 14925 14927 $FC  0.0
IMPROPER 15019 15030 15022 15024 $FC -120.0
DIHEDRAL 15054 15057 15059 15061 $FC  0.0
IMPROPER 15153 15164 15156 15158 $FC -120.0
DIHEDRAL 15188 15191 15193 15195 $FC  0.0
IMPROPER 15287 15298 15290 15292 $FC -120.0
DIHEDRAL 15322 15325 15327 15329 $FC  0.0
IMPROPER 15421 15432 15424 15426 $FC -120.0
DIHEDRAL 15456 15459 15461 15463 $FC  0.0
IMPROPER 15555 15566 15558 15560 $FC -120.0
DIHEDRAL 15590 15593 15595 15597 $FC  0.0
IMPROPER 15689 15700 15692 15694 $FC -120.0
DIHEDRAL 15724 15727 15729 15731 $FC  0.0
IMPROPER 15823 15834 15826 15828 $FC -120.0
DIHEDRAL 15858 15861 15863 15865 $FC  0.0
IMPROPER 15957 15968 15960 15962 $FC -120.0
DIHEDRAL 15992 15995 15997 15999 $FC  0.0
IMPROPER 16091 16102 16094 16096 $FC -120.0
DIHEDRAL 16126 16129 16131 16133 $FC  0.0
IMPROPER 16225 16236 16228 16230 $FC -120.0
DIHEDRAL 16260 16263 16265 16267 $FC  0.0
IMPROPER 16359 16370 16362 16364 $FC -120.0
DIHEDRAL 16394 16397 16399 16401 $FC  0.0
IMPROPER 16493 16504 16496 16498 $FC -120.0
DIHEDRAL 16528 16531 16533 16535 $FC  0.0
IMPROPER 16627 16638 16630 16632 $FC -120.0
DIHEDRAL 16662 16665 16667 16669 $FC  0.0
IMPROPER 16761 16772 16764 16766 $FC -120.0
DIHEDRAL 16796 16799 16801 16803 $FC  0.0
IMPROPER 16895 16906 16898 16900 $FC -120.0
DIHEDRAL 16930 16933 16935 16937 $FC  0.0
IMPROPER 17029 17040 17032 17034 $FC -120.0
DIHEDRAL 17064 17067 17069 17071 $FC  0.0
IMPROPER 17163 17174 17166 17168 $FC -120.0
DIHEDRAL 17198 17201 17203 17205 $FC  0.0
IMPROPER 17297 17308 17300 17302 $FC -120.0
DIHEDRAL 17332 17335 17337 17339 $FC  0.0
IMPROPER 17431 17442 17434 17436 $FC -120.0
DIHEDRAL 17466 17469 17471 17473 $FC  0.0
IMPROPER 17565 17576 17568 17570 $FC -120.0
DIHEDRAL 17600 17603 17605 17607 $FC  0.0
IMPROPER 17699 17710 17702 17704 $FC -120.0
DIHEDRAL 17734 17737 17739 17741 $FC  0.0
IMPROPER 17833 17844 17836 17838 $FC -120.0
DIHEDRAL 17868 17871 17873 17875 $FC  0.0
IMPROPER 17967 17978 17970 17972 $FC -120.0
DIHEDRAL 18002 18005 18007 18009 $FC  0.0
IMPROPER 18101 18112 18104 18106 $FC -120.0
DIHEDRAL 18136 18139 18141 18143 $FC  0.0
IMPROPER 18235 18246 18238 18240 $FC -120.0
DIHEDRAL 18270 18273 18275 18277 $FC  0.0
IMPROPER 18369 18380 18372 18374 $FC -120.0
DIHEDRAL 18404 18407 18409 18411 $FC  0.0
IMPROPER 18503 18514 18506 18508 $FC -120.0
DIHEDRAL 18538 18541 18543 18545 $FC  0.0
IMPROPER 18637 18648 18640 18642 $FC -120.0
DIHEDRAL 18672 18675 18677 18679 $FC  0.0
IMPROPER 18771 18782 18774 18776 $FC -120.0
DIHEDRAL 18806 18809 18811 18813 $FC  0.0
IMPROPER 18905 18916 18908 18910 $FC -120.0
DIHEDRAL 18940 18943 18945 18947 $FC  0.0
IMPROPER 19039 19050 19042 19044 $FC -120.0
DIHEDRAL 19074 19077 19079 19081 $FC  0.0
IMPROPER 19173 19184 19176 19178 $FC -120.0
DIHEDRAL 19208 19211 19213 19215 $FC  0.0
IMPROPER 19307 19318 19310 19312 $FC -120.0
DIHEDRAL 19342 19345 19347 19349 $FC  0.0
IMPROPER 19441 19452 19444 19446 $FC -120.0
DIHEDRAL 19476 19479 19481 19483 $FC  0.0
IMPROPER 19575 19586 19578 19580 $FC -120.0
DIHEDRAL 19610 19613 19615 19617 $FC  0.0
IMPROPER 19709 19720 19712 19714 $FC -120.0
DIHEDRAL 19744 19747 19749 19751 $FC  0.0
IMPROPER 19843 19854 19846 19848 $FC -120.0
DIHEDRAL 19878 19881 19883 19885 $FC  0.0
IMPROPER 19977 19988 19980 19982 $FC -120.0
DIHEDRAL 20012 20015 20017 20019 $FC  0.0
IMPROPER 20111 20122 20114 20116 $FC -120.0
DIHEDRAL 20146 20149 20151 20153 $FC  0.0
IMPROPER 20245 20256 20248 20250 $FC -120.0
DIHEDRAL 20280 20283 20285 20287 $FC  0.0
IMPROPER 20379 20390 20382 20384 $FC -120.0
DIHEDRAL 20414 20417 20419 20421 $FC  0.0
IMPROPER 20513 20524 20516 20518 $FC -120.0
DIHEDRAL 20548 20551 20553 20555 $FC  0.0
IMPROPER 20647 20658 20650 20652 $FC -120.0
DIHEDRAL 20682 20685 20687 20689 $FC  0.0
IMPROPER 20781 20792 20784 20786 $FC -120.0
DIHEDRAL 20816 20819 20821 20823 $FC  0.0
IMPROPER 20915 20926 20918 20920 $FC -120.0
DIHEDRAL 20950 20953 20955 20957 $FC  0.0
IMPROPER 21049 21060 21052 21054 $FC -120.0
DIHEDRAL 21084 21087 21089 21091 $FC  0.0
IMPROPER 21183 21194 21186 21188 $FC -120.0
DIHEDRAL 21218 21221 21223 21225 $FC  0.0
IMPROPER 21317 21328 21320 21322 $FC -120.0
DIHEDRAL 21352 21355 21357 21359 $FC  0.0
IMPROPER 21451 21462 21454 21456 $FC -120.0
DIHEDRAL 21486 21489 21491 21493 $FC  0.0
IMPROPER 21585 21596 21588 21590 $FC -120.0
DIHEDRAL 21620 21623 21625 21627 $FC  0.0
IMPROPER 21719 21730 21722 21724 $FC -120.0
DIHEDRAL 21754 21757 21759 21761 $FC  0.0
IMPROPER 21853 21864 21856 21858 $FC -120.0
DIHEDRAL 21888 21891 21893 21895 $FC  0.0
IMPROPER 21987 21998 21990 21992 $FC -120.0
DIHEDRAL 22022 22025 22027 22029 $FC  0.0
IMPROPER 22121 22132 22124 22126 $FC -120.0
DIHEDRAL 22156 22159 22161 22163 $FC  0.0
IMPROPER 22255 22266 22258 22260 $FC -120.0
DIHEDRAL 22290 22293 22295 22297 $FC  0.0
IMPROPER 22389 22400 22392 22394 $FC -120.0
DIHEDRAL 22424 22427 22429 22431 $FC  0.0
IMPROPER 22523 22534 22526 22528 $FC -120.0
DIHEDRAL 22558 22561 22563 22565 $FC  0.0
IMPROPER 22657 22668 22660 22662 $FC -120.0
DIHEDRAL 22692 22695 22697 22699 $FC  0.0
IMPROPER 22791 22802 22794 22796 $FC -120.0
DIHEDRAL 22826 22829 22831 22833 $FC  0.0
IMPROPER 22925 22936 22928 22930 $FC -120.0
DIHEDRAL 22960 22963 22965 22967 $FC  0.0
IMPROPER 23059 23070 23062 23064 $FC -120.0
DIHEDRAL 23094 23097 23099 23101 $FC  0.0
IMPROPER 23193 23204 23196 23198 $FC -120.0
DIHEDRAL 23228 23231 23233 23235 $FC  0.0
IMPROPER 23327 23338 23330 23332 $FC -120.0
DIHEDRAL 23362 23365 23367 23369 $FC  0.0
IMPROPER 23461 23472 23464 23466 $FC -120.0
DIHEDRAL 23496 23499 23501 23503 $FC  0.0
IMPROPER 23595 23606 23598 23600 $FC -120.0
DIHEDRAL 23630 23633 23635 23637 $FC  0.0
IMPROPER 23729 23740 23732 23734 $FC -120.0
DIHEDRAL 23764 23767 23769 23771 $FC  0.0
IMPROPER 23863 23874 23866 23868 $FC -120.0
DIHEDRAL 23898 23901 23903 23905 $FC  0.0
IMPROPER 23997 24008 24000 24002 $FC -120.0
DIHEDRAL 24032 24035 24037 24039 $FC  0.0
IMPROPER 24131 24142 24134 24136 $FC -120.0
DIHEDRAL 24166 24169 24171 24173 $FC  0.0
IMPROPER 24265 24276 24268 24270 $FC -120.0
DIHEDRAL 24300 24303 24305 24307 $FC  0.0
IMPROPER 24399 24410 24402 24404 $FC -120.0
DIHEDRAL 24434 24437 24439 24441 $FC  0.0
IMPROPER 24533 24544 24536 24538 $FC -120.0
DIHEDRAL 24568 24571 24573 24575 $FC  0.0
IMPROPER 24667 24678 24670 24672 $FC -120.0
DIHEDRAL 24702 24705 24707 24709 $FC  0.0
IMPROPER 24801 24812 24804 24806 $FC -120.0
DIHEDRAL 24836 24839 24841 24843 $FC  0.0
IMPROPER 24935 24946 24938 24940 $FC -120.0
DIHEDRAL 24970 24973 24975 24977 $FC  0.0
IMPROPER 25069 25080 25072 25074 $FC -120.0
DIHEDRAL 25104 25107 25109 25111 $FC  0.0
IMPROPER 25203 25214 25206 25208 $FC -120.0
DIHEDRAL 25238 25241 25243 25245 $FC  0.0
IMPROPER 25337 25348 25340 25342 $FC -120.0
DIHEDRAL 25372 25375 25377 25379 $FC  0.0
IMPROPER 25471 25482 25474 25476 $FC -120.0
DIHEDRAL 25506 25509 25511 25513 $FC  0.0
IMPROPER 25605 25616 25608 25610 $FC -120.0
DIHEDRAL 25640 25643 25645 25647 $FC  0.0
IMPROPER 25739 25750 25742 25744 $FC -120.0
DIHEDRAL 25774 25777 25779 25781 $FC  0.0
IMPROPER 25873 25884 25876 25878 $FC -120.0
DIHEDRAL 25908 25911 25913 25915 $FC  0.0
IMPROPER 26007 26018 26010 26012 $FC -120.0
DIHEDRAL 26042 26045 26047 26049 $FC  0.0
IMPROPER 26141 26152 26144 26146 $FC -120.0
DIHEDRAL 26176 26179 26181 26183 $FC  0.0
IMPROPER 26275 26286 26278 26280 $FC -120.0
DIHEDRAL 26310 26313 26315 26317 $FC  0.0
IMPROPER 26409 26420 26412 26414 $FC -120.0
DIHEDRAL 26444 26447 26449 26451 $FC  0.0
IMPROPER 26543 26554 26546 26548 $FC -120.0
DIHEDRAL 26578 26581 26583 26585 $FC  0.0
IMPROPER 26677 26688 26680 26682 $FC -120.0
DIHEDRAL 26712 26715 26717 26719 $FC  0.0
IMPROPER 26811 26822 26814 26816 $FC -120.0
DIHEDRAL 26846 26849 26851 26853 $FC  0.0
IMPROPER 26945 26956 26948 26950 $FC -120.0
DIHEDRAL 26980 26983 26985 26987 $FC  0.0
IMPROPER 27079 27090 27082 27084 $FC -120.0
DIHEDRAL 27114 27117 27119 27121 $FC  0.0
IMPROPER 27213 27224 27216 27218 $FC -120.0
DIHEDRAL 27248 27251 27253 27255 $FC  0.0
IMPROPER 27347 27358 27350 27352 $FC -120.0
DIHEDRAL 27382 27385 27387 27389 $FC  0.0
IMPROPER 27481 27492 27484 27486 $FC -120.0
DIHEDRAL 27516 27519 27521 27523 $FC  0.0
IMPROPER 27615 27626 27618 27620 $FC -120.0
DIHEDRAL 27650 27653 27655 27657 $FC  0.0
IMPROPER 27749 27760 27752 27754 $FC -120.0
DIHEDRAL 27784 27787 27789 27791 $FC  0.0
IMPROPER 27883 27894 27886 27888 $FC -120.0
DIHEDRAL 27918 27921 27923 27925 $FC  0.0
IMPROPER 28017 28028 28020 28022 $FC -120.0
DIHEDRAL 28052 28055 28057 28059 $FC  0.0
IMPROPER 28151 28162 28154 28156 $FC -120.0
DIHEDRAL 28186 28189 28191 28193 $FC  0.0
IMPROPER 28285 28296 28288 28290 $FC -120.0
DIHEDRAL 28320 28323 28325 28327 $FC  0.0
IMPROPER 28419 28430 28422 28424 $FC -120.0
DIHEDRAL 28454 28457 28459 28461 $FC  0.0
IMPROPER 28553 28564 28556 28558 $FC -120.0
DIHEDRAL 28588 28591 28593 28595 $FC  0.0
IMPROPER 28687 28698 28690 28692 $FC -120.0
DIHEDRAL 28722 28725 28727 28729 $FC  0.0
IMPROPER 28821 28832 28824 28826 $FC -120.0
DIHEDRAL 28856 28859 28861 28863 $FC  0.0
IMPROPER 28955 28966 28958 28960 $FC -120.0
DIHEDRAL 28990 28993 28995 28997 $FC  0.0
IMPROPER 29089 29100 29092 29094 $FC -120.0
DIHEDRAL 29124 29127 29129 29131 $FC  0.0
IMPROPER 29223 29234 29226 29228 $FC -120.0
DIHEDRAL 29258 29261 29263 29265 $FC  0.0
IMPROPER 29357 29368 29360 29362 $FC -120.0
DIHEDRAL 29392 29395 29397 29399 $FC  0.0
IMPROPER 29491 29502 29494 29496 $FC -120.0
DIHEDRAL 29526 29529 29531 29533 $FC  0.0
IMPROPER 29625 29636 29628 29630 $FC -120.0
DIHEDRAL 29660 29663 29665 29667 $FC  0.0
IMPROPER 29759 29770 29762 29764 $FC -120.0
DIHEDRAL 29794 29797 29799 29801 $FC  0.0
IMPROPER 29893 29904 29896 29898 $FC -120.0
DIHEDRAL 29928 29931 29933 29935 $FC  0.0
IMPROPER 30027 30038 30030 30032 $FC -120.0
DIHEDRAL 30062 30065 30067 30069 $FC  0.0
IMPROPER 30161 30172 30164 30166 $FC -120.0
DIHEDRAL 30196 30199 30201 30203 $FC  0.0
IMPROPER 30295 30306 30298 30300 $FC -120.0
DIHEDRAL 30330 30333 30335 30337 $FC  0.0
IMPROPER 30429 30440 30432 30434 $FC -120.0
DIHEDRAL 30464 30467 30469 30471 $FC  0.0
IMPROPER 30563 30574 30566 30568 $FC -120.0
DIHEDRAL 30598 30601 30603 30605 $FC  0.0
IMPROPER 30697 30708 30700 30702 $FC -120.0
DIHEDRAL 30732 30735 30737 30739 $FC  0.0
IMPROPER 30831 30842 30834 30836 $FC -120.0
DIHEDRAL 30866 30869 30871 30873 $FC  0.0
IMPROPER 30965 30976 30968 30970 $FC -120.0
DIHEDRAL 31000 31003 31005 31007 $FC  0.0
IMPROPER 31099 31110 31102 31104 $FC -120.0
DIHEDRAL 31134 31137 31139 31141 $FC  0.0
IMPROPER 31233 31244 31236 31238 $FC -120.0
DIHEDRAL 31268 31271 31273 31275 $FC  0.0
IMPROPER 31367 31378 31370 31372 $FC -120.0
DIHEDRAL 31402 31405 31407 31409 $FC  0.0
IMPROPER 31501 31512 31504 31506 $FC -120.0
DIHEDRAL 31536 31539 31541 31543 $FC  0.0
IMPROPER 31635 31646 31638 31640 $FC -120.0
DIHEDRAL 31670 31673 31675 31677 $FC  0.0
IMPROPER 31769 31780 31772 31774 $FC -120.0
DIHEDRAL 31804 31807 31809 31811 $FC  0.0
IMPROPER 31903 31914 31906 31908 $FC -120.0
DIHEDRAL 31938 31941 31943 31945 $FC  0.0
IMPROPER 32037 32048 32040 32042 $FC -120.0
DIHEDRAL 32072 32075 32077 32079 $FC  0.0
IMPROPER 32171 32182 32174 32176 $FC -120.0
DIHEDRAL 32206 32209 32211 32213 $FC  0.0
IMPROPER 32305 32316 32308 32310 $FC -120.0
DIHEDRAL 32340 32343 32345 32347 $FC  0.0
IMPROPER 32439 32450 32442 32444 $FC -120.0
DIHEDRAL 32474 32477 32479 32481 $FC  0.0
IMPROPER 32573 32584 32576 32578 $FC -120.0
DIHEDRAL 32608 32611 32613 32615 $FC  0.0
IMPROPER 32707 32718 32710 32712 $FC -120.0
DIHEDRAL 32742 32745 32747 32749 $FC  0.0
IMPROPER 32841 32852 32844 32846 $FC -120.0
DIHEDRAL 32876 32879 32881 32883 $FC  0.0
IMPROPER 32975 32986 32978 32980 $FC -120.0
DIHEDRAL 33010 33013 33015 33017 $FC  0.0
IMPROPER 33109 33120 33112 33114 $FC -120.0
DIHEDRAL 33144 33147 33149 33151 $FC  0.0
IMPROPER 33243 33254 33246 33248 $FC -120.0
DIHEDRAL 33278 33281 33283 33285 $FC  0.0
IMPROPER 33377 33388 33380 33382 $FC -120.0
DIHEDRAL 33412 33415 33417 33419 $FC  0.0
IMPROPER 33511 33522 33514 33516 $FC -120.0
DIHEDRAL 33546 33549 33551 33553 $FC  0.0
IMPROPER 33645 33656 33648 33650 $FC -120.0
DIHEDRAL 33680 33683 33685 33687 $FC  0.0
IMPROPER 33779 33790 33782 33784 $FC -120.0
DIHEDRAL 33814 33817 33819 33821 $FC  0.0
IMPROPER 33913 33924 33916 33918 $FC -120.0
DIHEDRAL 33948 33951 33953 33955 $FC  0.0
IMPROPER 34047 34058 34050 34052 $FC -120.0
DIHEDRAL 34082 34085 34087 34089 $FC  0.0
IMPROPER 34181 34192 34184 34186 $FC -120.0
DIHEDRAL 34216 34219 34221 34223 $FC  0.0
IMPROPER 34315 34326 34318 34320 $FC -120.0
DIHEDRAL 34350 34353 34355 34357 $FC  0.0
IMPROPER 34449 34460 34452 34454 $FC -120.0
DIHEDRAL 34484 34487 34489 34491 $FC  0.0
IMPROPER 34583 34594 34586 34588 $FC -120.0
DIHEDRAL 34618 34621 34623 34625 $FC  0.0
IMPROPER 34717 34728 34720 34722 $FC -120.0
DIHEDRAL 34752 34755 34757 34759 $FC  0.0
IMPROPER 34851 34862 34854 34856 $FC -120.0
DIHEDRAL 34886 34889 34891 34893 $FC  0.0
